6151
34016
50034
31831
62927
41916
10580
39434
1348
55654
61696
30815
34972
10026
36958
57415
14814
11973
42879
29086
52219
23060
2054
62154
3896
36010
55585
37298
65410
47888
51625
6026
16369
36123
37857
13760
12503
48437
53194
13851
38556
49354
44666
7992
59380
16088
65407
8659
28062
42750
37745
14745
274
39800
11363
4171
10274
1412
41469
10149
49301
27558
16175
134
63681
54032
13894
10648
36933
1552
24499
9953
50906
3629
17945
44751
19718
17817
53410
47780
60567
25619
62525
60842
65419
8352
65013
10158
9764
40946
20307
59065
2969
36482
59199
1114
24978
7557
11763
61911
9109
36262
6329
60016
39892
24274
39231
59610
42091
27105
41854
37123
52724
38843
32429
52608
47195
31906
62766
56959
7316
17537
50489
10285
54019
44152
11400
13461
51710
23163
9836
60819
59425
16165
55299
33781
40440
28994
27855
16995
56099
4173
54118
43288
43016
21011
30360
24675
52917
27590
16099
60234
45127
1052
4983
33610
45204
16383
47071
31378
39546
56907
26662
33436
7537
16425
1681
47977
45420
29537
64972
35983
33710
53555
13735
11191
9030
44095
35866
61948
6149
51965
56646
51276
53017
61629
19350
32686
12477
885
64064
52023
57793
25190
19923
65330
41616
21605
47771
21500
51142
47207
57483
19316
35226
5683
30507
44257
49778
838
40669
55928
52803
31779
41668
40285
27872
61019
7435
40349
61904
5963
26837
54161
31154
46760
53955
7234
2829
36190
28734
53971
17862
20681
7752
53088
26364
38259
31809
10607
39097
6942
999
26365
38721
42667
1114
1058
38150
8549
41407
34519
14512
2708
23144
45666
49469
11564
52900
52298
47754
16098
40734
80
36780
48486
53169
63144
21209
19442
8215
60307
26385
9214
21136
65106
51882
22250
628
24496
30799
42036
59015
45311
44744
16624
25442
28677
28188
12806
15440
10406
28905
56174
10487
149
39124
63656
63293
60333
17562
5973
55104
43947
15187
10704
43518
1533
32954
44146
26030
63753
20646
19509
43529
65391
36133
3435
28532
64321
16241
43972
9192
45146
34610
19679
45295
8198
17799
43053
2996
35361
49026
58100
13773
64213
3269
57291
211
36223
35901
26241
34441
56548
45750
12434
56403
16348
15869
19399
15133
32110
63372
24325
11721
32446
44004
57016
40645
61803
34533
43641
31629
18023
36205
45402
16701
39474
37157
16912
10162
7522
43153
44603
64070
23367
57037
54937
39715
7370
8801
54849
39480
6637
13638
51201
39083
57643
42682
14192
53910
11679
57833
20003
29703
28503
65405
46404
2441
37026
63316
12603
44549
40933
57206
43083
64300
48707
32485
38480
56077
41286
27793
30022
47923
41431
15687
21470
33538
58369
35663
21913
4513
27960
41916
34216
56463
41786
15084
58905
13276
12864
5972
57825
53797
63179
35373
52561
46350
2322
25505
36892
43608
53298
1378
25995
29194
17065
47465
62732
9899
17592
19109
14412
45553
61026
48628
36480
37276
63712
29849
50552
11040
35822
42842
64837
33465
12679
51862
14279
15001
11832
51171
58609
65130
52549
19068
28788
4079
997
25985
13978
18590
45094
28390
64143
40584
11482
35087
12324
9658
64937
62877
20698
35223
40183
19999
3152
52862
6325
17431
2327
18157
3067
60936
17752
55616
14468
46540
59695
15465
6989
8137
34055
52084
36527
32662
27132
48009
2214
39457
57667
1615
36798
12829
36838
11445
32828
39990
64307
39154
57421
1098
57311
60488
62034
9527
50569
10966
56068
44728
26431
63057
52866
60487
49605
23857
27613
11202
6331
29827
50659
63998
31442
21921
11292
2744
33366
44120
42734
32137
17738
34620
33235
9514
29572
29733
19041
14605
40699
9573
59334
1594
7095
46664
62081
56700
4985
24159
2366
11316
53986
53025
9779
19893
9410
21071
22637
42776
65191
65372
9377
17394
34456
42612
26908
64028
6809
45949
13098
47508
55523
6896
49103
62618
53560
45648
53782
58545
4271
56149
4326
58258
43638
14105
12615
53049
35176
35252
30289
34831
35088
39667
52225
4008
16743
13597
2501
23553
59547
15599
5525
49534
22495
54628
46616
10519
34741
34862
3528
39012
25475
7854
31734
3578
21959
44349
56627
57135
14066
21380
26431
49154
61047
13120
53163
12255
26718
55664
35808
20729
5727
41333
4727
28222
30426
51343
38741
65167
20669
42269
38643
46145
50124
4842
49723
6547
49191
40814
63683
63257
62194
24578
46876
57706
37698
34503
4425
64416
24631
40233
19609
30358
16030
24336
58580
46456
10143
31785
46087
30813
8518
19195
11422
58642
24037
61145
65190
7692
36423
63337
5414
33081
22379
52290
25251
60077
21257
29676
58958
45888
4373
13031
10710
20404
37368
3754
1324
47511
35539
47412
12788
44057
1071
24210
37164
25108
19819
36818
32800
56242
34619
38214
23788
56998
24968
49039
51539
46225
13180
44961
26577
17553
57993
37287
37957
29825
41041
39282
11800
11044
21158
24589
55102
22229
48799
26730
47337
3083
63548
14601
59325
32631
52816
17577
24093
12248
1081
10096
58474
14261
55058
19515
31814
47515
56803
4236
11804
32308
43518
23604
43353
64676
48193
32919
21369
31457
59649
3170
34540
57661
17771
28329
24756
5051
45907
48849
17300
46988
58945
10238
61249
48467
29753
27527
30446
21020
31763
42250
53329
9745
319
31146
8885
48512
64065
30254
14433
58178
33424
48973
50303
51196
11767
9523
56247
57674
58372
8011
39126
51781
18249
34839
34713
48003
62366
65159
3487
28594
41874
56816
38339
42193
22426
47225
25169
20955
11943
39603
13597
45368
23040
63900
31028
34807
7887
21739
26945
723
29751
535
52505
48000
35374
21682
30467
32205
21305
33955
60799
63179
25235
33602
39836
47662
15291
65006
3081
27235
39073
16679
7067
62113
15043
38095
31385
22931
59834
58330
23654
24049
58866
10623
6514
28704
32305
36981
60909
53611
5400
56172
51254
30636
24239
25555
12762
39530
25025
15843
1229
64098
32522
8296
60675
47566
46391
26524
4961
40690
19319
28615
64739
12649
39239
5717
41353
6008
42699
36727
59619
48099
27363
45338
13199
51602
5357
25961
25597
30382
41805
26826
28944
8791
35123
24083
56357
15978
50608
61318
56668
4391
24398
55872
17040
63637
61589
58393
4109
38752
29584
63729
21316
56948
43531
34515
43014
48888
60477
3075
13734
36746
29902
42678
45537
65025
1225
36359
15467
51833
32141
6600
56224
56539
62472
7728
54640
58525
586
58750
31742
